#	Low-Energy	Supernovae	axion	decay
#	https://arxiv.org/pdf/2201.09890.pdf
#	m_a	[eV]		g_ap	[GeV^-1]
4367.8209641527865	1e0
4367.8209641527865	1e-6
1056828.8870060197	4.13295001476233e-9
1105212.8814387654	3.966725868827101e-9
1155812.0035483292	3.793054383518065e-9
1208727.666843086	3.6269865960209898e-9
1264065.927769056	3.468189600676015e-9
1321937.698273994	3.3152240212516237e-9
1382458.9681031383	3.1700766380085377e-9
1445751.0372721567	3.0302594233850395e-9
1511940.759183225	2.8975883812374783e-9
1581160.7948715056	2.770725952467599e-9
1653549.8788915973	2.649417823934981e-9
1729253.0973768644	2.533420816855922e-9
1808422.1788289442	2.4225023993182127e-9
1891215.7982202498	2.3133096420450496e-9
1977799.8950189666	2.2120281482390583e-9
2068348.0057739462	2.1166117106965607e-9
2163041.611926081	2.0239420602657227e-9
2262070.5035432656	1.9353296793225167e-9
2365633.159707955	1.8505969321942196e-9
2473937.146319722	1.7695739604662674e-9
2587199.5321101095	1.6920983424777625e-9
2705647.323703545	1.6180147677249746e-9
2829517.920596405	1.5471747255201326e-9
2959059.5909658903	1.479436207281379e-9
3094531.969262688	1.4146634218570876e-9
3236206.5765843363	1.3527265233138745e-9
3384367.364872656	1.293938749243759e-9
3539311.2860255456	1.2368691788606509e-9
3701348.887064215	1.1823166796029126e-9
3870804.9325482785	1.1305524033099811e-9
4048019.0554866055	1.0810544743894227e-9
4233346.4380482035	1.0337236674529947e-9
4427158.523437616	9.881309640650851e-10
4629843.760361565	9.44868541128922e-10
4841808.381578945	9.035002367927879e-10
5063477.21809458	8.636510782565496e-10
5295294.55062859	8.258386428855329e-10
5537725.000067946	7.896817143559754e-10
5791254.458684871	7.551078111449275e-10
6056391.063988531	7.218035466268795e-10
6333666.217161822	6.904348826058937e-10
6623635.648124473	6.615468402219103e-10
6926880.529357138	6.30874280843448e-10
7244008.640718842	6.034572870537414e-10
7575655.587592376	5.768416159975644e-10
7922486.07479913	5.515862937113326e-10
8285195.238836584	5.272584089256643e-10
8664510.041108636	5.03492570971381e-10
9061190.724941118	4.812858747632225e-10
9476032.339302763	4.6021418100559397e-10
9909866.33228552	4.3991629162748316e-10
10363562.21753797	4.2537541949721465e-10
10838029.316991804	4.1284771917036665e-10
11334218.583374247	4.006889712283669e-10
11853124.506159034	3.888883096815481e-10
12395787.104776476	3.7692509970147176e-10
12963294.013076534	3.657006442052983e-10
13556782.659224033	3.548104418572579e-10
14177442.545393545	3.441281716911602e-10
14826517.631834686	3.3365468677682476e-10
15505308.830084337	3.2349996067177746e-10
16215176.610324683	3.136542920035212e-10
16957543.728110958	3.043139783853364e-10
17733898.075935755	2.951520041339135e-10
18545795.665343784	2.8636267029111193e-10
19394863.74557475	2.780230062004861e-10
20282804.064984668	2.709319488512888e-10
21211396.281782296	2.67164552348254e-10
22182501.530916795	2.636277442199793e-10
23198066.154265456	2.602257232746852e-10
24260125.60159778	2.5695446418519185e-10
25370808.510134447	2.5372432761001494e-10
26532340.97087765	2.5028081271833245e-10
27747050.990263544	2.4705102910966097e-10
29017373.156079188	2.4369808339192935e-10
30345853.516995594	2.399034903318838e-10
31735154.685496744	2.3841431164850424e-10
33188061.17443212	2.358155425889265e-10
34707484.977888584	2.330874366010604e-10
36296471.407567054	2.3015732890058983e-10
37958205.1963616	2.274177802113614e-10
39696016.88137407	2.2448303579020705e-10
41513389.47915747	2.2188603345783247e-10
43413965.46656651	2.189486365622244e-10
45401554.08120844	2.1481191942099317e-10
47480138.95612261	2.1282990000822546e-10
49653886.10399562	2.1086616822569341e-10
51927152.26690862	2.0962809798899817e-10
54304493.64835806	2.091030674562731e-10
56790675.045044415	2.0808630001567015e-10
59390679.396738276	2.0665483893713072e-10
62109717.77335701	2.0641621859492106e-10
64953239.81927601	2.0569049864602015e-10
67926944.67579986	2.0510597338704197e-10
71036792.40369298	2.0390172330199613e-10
74289015.92865483	2.0394190140914705e-10
77690133.53369045	2.0233362306890041e-10
81246961.9234049	2.0305886216931658e-10
84966629.88641465	2.002352629205369e-10
88856592.5832519	1.9932899582725986e-10
92924646.48840252	1.980916795583112e-10
97178945.01642346	1.9566764116098593e-10
101628014.86345911	1.957061967716255e-10
106280773.09690848	1.9488630698003711e-10
111146545.02749696	1.9512251738243715e-10
116235082.89956874	1.947654706930972e-10
121556585.4370653	1.9486972162423437e-10
127121718.284363	1.9431594653375032e-10
132941635.38293578	1.9428853696087052e-10
139028001.3266893	1.9445826660971784e-10
145393014.74077445	1.94168071312129e-10
152049432.7307355	1.954578858149515e-10
159010596.450993	2.014683516314224e-10
166290457.8439083	2.076636434485456e-10
173903607.60302556	2.1433911570158812e-10
181865304.41653407	2.210796331920662e-10
190191505.549555	2.2803212587844132e-10
198898898.8265645	2.3560119990385764e-10
208004936.07803154	2.5026447315319986e-10
217527868.11833096	2.694599325680585e-10
227486781.3250097	2.90422117422426e-10
237901635.8927486	3.121695370552074e-10
248793305.83866078	3.3622681494714664e-10
260183620.8391384	3.6189327133256425e-10
272095409.9820673	3.893873494605413e-10
284552547.52213305	4.189702321947047e-10
297580000.7308902	4.515633207924852e-10
310405035.6918578	4.872678025915769e-10
321327911.42241454	5.365807168282922e-10
330972162.06513804	5.831416364352439e-10
341553911.7497372	6.345251302420857e-10
350899649.1291209	6.87755095600964e-10
358975026.92958975	7.47875502097458e-10
367576060.1918273	8.157043650259206e-10
375409708.0004885	8.881895277704478e-10
384546756.44540787	9.728732444925936e-10
393906190.33350086	1.0641309391966047e-9
402152168.5908841	1.1597513470899613e-9
409584637.2270886	1.2582069683202277e-9
416400648.15212053	1.3605516773003967e-9
424864207.9228031	1.4898793924315921e-9
433499793.9482714	1.633659194662999e-9
441431772.3046577	1.7788594336019906e-9
448858937.6662183	1.9586250236688964e-9
453141441.0249392	2.141155327032068e-9
456689760.25300735	2.34826534963551e-9
460805400.4226693	2.6178300806594216e-9
464090260.9161594	2.9266758367088383e-9
468194641.15007436	3.287642647270199e-9
472176134.7776821	3.6680085931604373e-9
475174692.3025743	4.010142008456216e-9
477112384.3710848	4.34736505242867e-9
481207295.95329964	4.787835394129506e-9
482481877.285956	5.262117192117429e-9
466362175.66434103	6.927346983595136e-9
461829413.9536866	7.739482338533569e-9
446870636.20695746	9.180744175992776e-9
436252737.1265495	1.004146006859073e-8
425887125.3341124	1.095073575214396e-8
417000168.8302964	1.1901258494761382e-8
407242644.5764147	1.2916911746263589e-8
397272270.51032823	1.402504656015714e-8
386114881.20458853	1.5242406473279112e-8
375270847.1097723	1.656543200053789e-8
364533515.16718996	1.8146730892521333e-8
347701298.12154406	2.0958952743781544e-8
336221410.1356662	2.279629040414841e-8
325716487.5679604	2.47791887914191e-8
315154784.08424526	2.6874634494489907e-8
306594656.9617491	2.9103455759943573e-8
296371441.8545091	3.182399384375128e-8
285712910.6966453	3.479914039080948e-8
275998722.5080887	3.782291002526271e-8
267157869.8085923	4.0937519999053465e-8
258600209.27659443	4.432921224415282e-8
250316669.6373618	4.800190774215389e-8
242298470.18925443	5.1954729471493095e-8
234060365.26260453	5.646918389702895e-8
226102354.43943575	6.14615654510624e-8
218859793.3418928	6.646093073792453e-8
211849227.5784183	7.193380095350293e-8
116203013.6386261	1.1270626347294113e-07
115558509.70970039	1.1526257342549906e-07
114917580.43259647	1.1526257342549906e-07
114280205.98100333	1.1920616084218489e-07
113646366.63857242	1.1920616084218489e-07
113016042.79831064	1.2190989607372533e-07
112389214.96197231	1.2190989607372533e-07
111765863.7394547	1.2190989607372533e-07
111145969.84820102	1.2467495518442291e-07
110529514.11260198	1.2467495518442291e-07
109916477.46340322	1.2750272907162283e-07
109306840.93711577	1.2750272907162283e-07
108700585.67542769	1.3039464017984893e-07
108097692.92462341	1.3039464017984893e-07
107498144.03500223	1.3485595530525606e-07
106901920.46030012	1.3485595530525606e-07
106309003.75711863	1.3485595530525606e-07
105719375.58435267	1.3791464618973621e-07
105133017.70262353	1.3791464618973621e-07
104549911.97371511	1.4104271176297714e-07
103970040.36001112	1.4104271176297714e-07
103393384.92393973	1.4424172552410694e-07
102819927.82741734	1.4424172552410694e-07
102249651.33129555	1.4917680407417578e-07
101682537.79481496	1.4917680407417578e-07
101118569.67505777	1.5256030856802425e-07
100557729.52640556	1.5256030856802425e-07
100000000.0	1.5256030856802425e-07
99445363.8432046	1.56020554903414e-07
98893803.89907345	1.56020554903414e-07
98345303.10581906	1.595592836751203e-07
97799844.49628437	1.595592836751203e-07
97257411.19741829	1.6501843632646484e-07
96717986.42975424	1.6501843632646484e-07
96181553.50689074	1.6876124757881486e-07
95648095.83497402	1.6876124757881486e-07
95117596.91218694	1.6876124757881486e-07
94590040.32823725	1.7258895017047564e-07
94065409.76384969	1.7258895017047564e-07
93543688.99026163	1.7650346953636906e-07
93024861.8687214	1.7650346953636906e-07
92508912.34998868	1.8254234964097573e-07
91995824.47383767	1.8254234964097573e-07
91485582.36856374	1.8668262375504542e-07
90978170.25049286	1.8668262375504542e-07
90473572.42349294	1.8668262375504542e-07
89971773.27848795	1.9091680413126898e-07
89472757.29297549	1.9091680413126898e-07
88976509.03054684	1.9524702067356827e-07
88483013.14040929	1.9524702067356827e-07
87992254.35691075	2.0192719161709972e-07
87504217.49906795	2.0192719161709972e-07
87018887.47009723	2.0650713663272694e-07
86536249.25694714	2.0650713663272694e-07
86056287.92983371	2.0650713663272694e-07
85578988.6417789	2.1119096016108988e-07
85104336.62815176	2.1119096016108988e-07
84632317.20621134	2.159810182884239e-07
84162915.7746521	2.159810182884239e-07
83696117.81315261	2.2337058109838273e-07
83231908.88192679	2.2337058109838273e-07
82770274.6212768	2.2843688728204512e-07
82311200.75114852	2.2843688728204512e-07
81854673.07069021	2.2843688728204512e-07
81400677.4578135	2.336181032189096e-07
80949199.86875622	2.336181032189096e-07
80500226.33764769	2.389168351966539e-07
80053742.97607698	2.389168351966539e-07
79609735.9726636	2.443357486166115e-07
79168191.59263001	2.443357486166115e-07
78729096.17737639	2.526954386274699e-07
78292436.14405844	2.526954386274699e-07
77858197.98516755	2.584268668979536e-07
77426368.26811261	2.584268668979536e-07
76996933.63480426	2.584268668979536e-07
76569880.80124189	2.6428829066894166e-07
76145196.55710322	2.6428829066894166e-07
75722867.76533476	2.7028265839051624e-07
75302881.36174583	2.7028265839051624e-07
74885224.35460486	2.795300945608198e-07
74469883.82423702	2.795300945608198e-07
74056846.92262442	2.8587016423172e-07
73646100.87300892	2.8587016423172e-07
73237632.9694972	2.8587016423172e-07
72831430.57666743	2.923540341023627e-07
72427481.12917803	2.923540341023627e-07
72025772.13137946	2.989849657295627e-07
71626291.15692775	2.989849657295627e-07
71229025.84840004	3.0921442108170654e-07
70833963.91691181	3.0921442108170654e-07
70441093.14173722	3.0921442108170654e-07
70050401.36993122	3.0921442108170654e-07
69661876.51595342	3.0921442108170654e-07
69275506.56129393	3.162277660168379e-07
68891279.55410182	3.162277660168379e-07
68509183.60881577	3.234001818226204e-07
68129206.90579608	3.234001818226204e-07
67751337.69095872	3.3073527641255515e-07
67375564.27541213	3.3073527641255515e-07
67001875.035095766	3.420510351671328e-07
66630258.410420395	3.420510351671328e-07
66260702.905910134	3.420510351671328e-07
65893197.08984718	3.49809152937493e-07
65527729.59391843	3.49809152937493e-07
65164289.11286358	3.5774323389799495e-07
64802864.40412508	3.5774323389799495e-07
64443444.28750071	3.658572690997144e-07
64086017.64479793	3.658572690997144e-07
63730573.419489734	3.783746898013893e-07
63377100.61637234	3.783746898013893e-07
63025588.301225334	3.869566705674134e-07
62676025.60047373	3.869566705674134e-07
62328401.70085129	3.869566705674134e-07
61982705.84906582	3.9573330070046323e-07
61638927.35146677	3.9573330070046323e-07
61297055.57371468	4.047089950759765e-07
60957079.94045214	4.047089950759765e-07
60618989.93497572	4.1855568661659857e-07
60282775.09891219	4.1855568661659857e-07
59948425.03189409	4.2804901941309046e-07
59615929.391237944	4.2804901941309046e-07
59285277.891624525	4.2804901941309046e-07
58956460.304780945	4.3775767210718725e-07
58629466.45916402	4.3775767210718725e-07
58304286.23964539	4.476865284061529e-07
57980909.58719883	4.476865284061529e-07
57659326.49858938	4.578405827854423e-07
57339527.02606361	4.578405827854423e-07
57021501.27704171	4.578405827854423e-07
56705239.41381169	4.578405827854423e-07
56390731.653225295	4.578405827854423e-07
56077968.26639515	4.735051155775007e-07
55766939.57839359	4.735051155775007e-07
55457635.96795358	4.842447657286065e-07
55150047.86717134	4.842447657286065e-07
54844165.76121015	4.95228003713452e-07
54539980.18800579	4.95228003713452e-07
54237481.73797406	5.064603543891714e-07
53936661.05371996	5.064603543891714e-07
53637508.82974796	5.064603543891714e-07
53340015.81217396	5.237883614018756e-07
53044172.798439264	5.237883614018756e-07
52749970.63702609	5.356684944133571e-07
52457400.2271743	5.356684944133571e-07
52166452.51859962	5.478180827445247e-07
51877118.511213966	5.478180827445247e-07
51589389.25484718	5.602432379573691e-07
51303255.84896997	5.602432379573691e-07
51018709.44241844	5.602432379573691e-07
50735741.233120404	5.602432379573691e-07
50454342.46782337	5.602432379573691e-07
50174504.44182355	5.794113696225887e-07
49896218.49869639	5.794113696225887e-07
49619476.03002898	5.925530975545686e-07
49344268.47515401	5.925530975545686e-07
49070587.32088472	6.059928952554418e-07
48798424.101251334	6.059928952554418e-07
48527770.39723943	6.197375232963905e-07
48258617.83652979	6.197375232963905e-07
47990958.09323878	6.197375232963905e-07
47724782.88766115	6.409411892036017e-07
47460083.98601408	6.409411892036017e-07
47196853.20018228	6.554784854503081e-07
46935082.38746452	6.554784854503081e-07
46674763.450321935	6.554784854503081e-07
46415888.33612773	6.554784854503081e-07
46158449.03691788	6.703455045884801e-07
45902437.58914325	6.703455045884801e-07
45647846.073423415	6.703455045884801e-07
45394666.614301905	6.855497251191644e-07
45142891.38000235	6.855497251191644e-07
44892512.58218607	7.090050861192361e-07
44643522.475711346	7.090050861192361e-07
44395913.358393975	7.250861512012648e-07
44149677.570768856	7.250861512012648e-07
43904807.49585287	7.415319536585766e-07
43661295.55890945	7.415319536585766e-07
43419134.22721444	7.415319536585766e-07
43178316.009822875	7.583507661616818e-07
42938833.45733711	7.583507661616818e-07
42700679.161676556	7.583507661616818e-07
42463845.7558487	7.583507661616818e-07
42228325.913721025	7.842969380194728e-07
41994112.34979421	7.842969380194728e-07
41761197.818976976	8.020857104145496e-07
41529575.11636207	8.020857104145496e-07
41299237.077003315	8.020857104145496e-07
41070176.57569368	8.202779529852519e-07
40842386.52674517	8.202779529852519e-07
40615859.88376971	8.38882816907329e-07
40390589.639461055	8.38882816907329e-07
40166568.82537783	8.38882816907329e-07
39943790.511728175	8.38882816907329e-07
39722247.80715552	8.579096609159133e-07
39501933.858525254	8.579096609159133e-07
39282841.850712545	8.579096609159133e-07
39064965.00639174	8.872621353826402e-07
38848296.58582682	8.872621353826402e-07
38632829.88666287	9.073862789512075e-07
38418558.243718185	9.073862789512075e-07
38205475.02877902	9.279668616466348e-07
37993573.65039406	9.279668616466348e-07
37782847.55367036	9.490142360424734e-07
37573290.22007082	9.490142360424734e-07
37364895.167212635	9.490142360424734e-07
37157655.948666655	9.490142360424734e-07
36951566.15375779	9.490142360424734e-07
36746619.40736688	9.814837574863253e-07
36542809.36973363	9.814837574863253e-07
36340129.73626035	1.0037449577091363e-06
36138574.237316765	1.0037449577091363e-06
35938136.63804626	1.0265110680046633e-06
35738810.73817312	1.0265110680046633e-06
35540590.37181061	1.049793540324236e-06
35343469.407270074	1.049793540324236e-06
35147441.746871434	1.049793540324236e-06
34952501.32675469	1.049793540324236e-06
34758642.116692185	1.049793540324236e-06
34565858.11990197	1.085711119402206e-06
34374143.37286239	1.085711119402206e-06
34183491.94512781	1.110336318167639e-06
33993897.93914496	1.110336318167639e-06
33805355.4900704	1.135520045259254e-06
33617858.76558926	1.135520045259254e-06
33431401.965734888	1.135520045259254e-06
33245979.32270938	1.135520045259254e-06
33061585.100704983	1.135520045259254e-06
32878213.59572679	1.1612749687531216e-06
32695859.13541647	1.1612749687531216e-06
32514516.07887663	1.2010067673585646e-06
32334178.81649619	1.2010067673585646e-06
32154841.769777026	1.2282470063469233e-06
31976499.391161494	1.2282470063469233e-06
31799146.163860716	1.2282470063469233e-06
31622776.60168379	1.256105085834029e-06
31447385.24886822	1.256105085834029e-06
31272966.679911256	1.256105085834029e-06
31099515.499401953	1.256105085834029e-06
30927026.341854144	1.2845950191654365e-06
30755493.871540584	1.2845950191654365e-06
30584912.78232809	1.328546083266851e-06
30415277.797513023	1.328546083266851e-06
30246583.669658255	1.328546083266851e-06
30078825.18043096	1.3586790631957108e-06
29911997.14044107	1.3586790631957108e-06
29746094.38908064	1.389495494373139e-06
29581111.79436431	1.389495494373139e-06
29417044.2527707	1.389495494373139e-06
29253886.689084392	1.389495494373139e-06
29091634.056238834	1.4210108782732794e-06
28930281.33516033	1.4210108782732794e-06
28769823.5346129	1.469629267156938e-06
28610255.691043764	1.469629267156938e-06
28451572.86842968	1.469629267156938e-06
28293770.15812438	1.502962178802134e-06
28136842.678706836	1.502962178802134e-06
27980785.575830147	1.502962178802134e-06
27825594.022071257	1.502962178802134e-06
27671263.216781754	1.537051119892015e-06
27517788.385939457	1.537051119892015e-06
27365164.782000646	1.5719132380591499e-06
27213387.683753088	1.5719132380591499e-06
27062452.396170087	1.5719132380591499e-06
26912354.250265386	1.6075660698644817e-06
26763088.602948606	1.6075660698644817e-06
26614650.83688152	1.6075660698644817e-06
26467036.360335324	1.6075660698644817e-06
26320240.60704872	1.662567247924299e-06
26174259.036086537	1.662567247924299e-06
26029087.13169917	1.7002762187632277e-06
25884720.403182987	1.7002762187632277e-06
25741154.38474154	1.7002762187632277e-06
25598384.63534729	1.7388404731905347e-06
25456406.73860415	1.7388404731905347e-06
25315216.302610952	1.7388404731905347e-06
25174808.95982571	1.7388404731905347e-06
25035180.3669304	1.778279410038923e-06
24896326.20469651	1.778279410038923e-06
24758242.17785154	1.8391213650323514e-06
24620924.014946204	1.8391213650323514e-06
24484367.468222294	1.8391213650323514e-06
24348568.31348088	1.8808347898636417e-06
24213522.349952288	1.8808347898636417e-06
24079225.40016577	1.8808347898636417e-06
23945673.30982024	1.8808347898636417e-06
23812861.947655868	1.923494323986158e-06
23680787.205326397	1.923494323986158e-06
23549444.997271925	1.9671214262658373e-06
23418831.26059246	1.9671214262658373e-06
23288941.95492231	2.0344244117291036e-06
23159773.06230522	2.0344244117291036e-06
23031320.587069962	2.0344244117291036e-06
22903580.555706657	2.0344244117291036e-06
22776549.016743947	2.0344244117291036e-06
22650222.040626857	2.0805675382171714e-06
22524595.71959515	2.0805675382171714e-06
22399666.167562332	2.127757244814005e-06
22275429.519995563	2.127757244814005e-06
22151881.933796193	2.176017269181246e-06
22029019.58718078	2.176017269181246e-06
21906838.679562777	2.176017269181246e-06
21785335.431435082	2.176017269181246e-06
21664506.084253184	2.176017269181246e-06
21544346.900318824	2.250467405649705e-06
21424854.16266427	2.250467405649705e-06
21306024.17493745	2.3015106400689726e-06
21187853.261287678	2.3015106400689726e-06
21070337.76625187	2.3537115947793448e-06
20953474.054641362	2.3537115947793448e-06
20837258.511429578	2.3537115947793448e-06
20721687.541640263	2.3537115947793448e-06
20606757.570236202	2.3537115947793448e-06
20492465.04200854	2.407096528231863e-06
20378806.421466906	2.407096528231863e-06
20265778.192730106	2.4894527978983464e-06
20153376.85941731	2.4894527978983464e-06
20041598.944539785	2.545916500691746e-06
19930440.990393445	2.545916500691746e-06
19819899.55845195	2.545916500691746e-06
19709971.229260284	2.545916500691746e-06
19600652.602328878	2.545916500691746e-06
19491940.296028506	2.603660866342389e-06
19383830.947485797	2.603660866342389e-06
19276321.212478984	2.6627149417826112e-06
19169407.765334558	2.6627149417826112e-06
19063087.298824467	2.7538169259442127e-06
18957356.524063755	2.7538169259442127e-06
18852212.170408722	2.7538169259442127e-06
18747650.985355854	2.7538169259442127e-06
18643669.73444126	2.7538169259442127e-06
18540265.201140568	2.8162767165396407e-06
18437434.186769325	2.8162767165396407e-06
18335173.51038415	2.880153168280721e-06
18233480.008684386	2.880153168280721e-06
18132350.535914198	2.880153168280721e-06
18031781.96376517	2.880153168280721e-06
17931771.18127962	2.945478412700122e-06
17832315.094754424	2.945478412700122e-06
17733410.62764527	2.945478412700122e-06
17635054.720471386	3.0462548508728466e-06
17537244.330721	3.0462548508728466e-06
17439976.43275727	3.0462548508728466e-06
17343248.017724637	3.0462548508728466e-06
17247056.093455672	3.1153474758375957e-06
17151397.684378583	3.1153474758375957e-06
17056269.83142525	3.186007202393708e-06
16961669.591939617	3.186007202393708e-06
16867594.03958658	3.186007202393708e-06
16774040.26426157	3.2582695742392167e-06
16681005.372000556	3.2582695742392167e-06
16588486.484890493	3.2582695742392167e-06
16496480.740980206	3.2582695742392167e-06
16404985.294191942	3.3321709412448234e-06
16313997.314233385	3.3321709412448234e-06
16223513.98651005	3.4461776565523976e-06
16133532.51203814	3.4461776565523976e-06
16044050.107358037	3.4461776565523976e-06
15955064.004448257	3.5243409987684394e-06
15866571.450639771	3.5243409987684394e-06
15778569.70853078	3.5243409987684394e-06
15691056.055902103	3.5243409987684394e-06
15604027.785633035	3.6042771770583166e-06
15517482.205617579	3.6042771770583166e-06
15431416.638680931	3.686026401418892e-06
15345828.422497066	3.686026401418892e-06
15260714.909506144	3.686026401418892e-06
15176073.466832587	3.8121399081904793e-06
15091901.476203702	3.8121399081904793e-06
15008196.333868738	3.8121399081904793e-06
14924955.450518291	3.8121399081904793e-06
14842176.251204142	3.89860370254908e-06
14759856.175259663	3.89860370254908e-06
14677992.676220676	3.987028596949888e-06
14596583.221746605	3.987028596949888e-06
14515625.293542098	3.987028596949888e-06
14435116.387279175	3.987028596949888e-06
14355054.012519827	3.987028596949888e-06
14275435.692638913	4.077459071436891e-06
14196258.964747492	4.077459071436891e-06
14117521.379616695	4.216965034285822e-06
14039220.50160202	4.216965034285822e-06
13961353.908567932	4.312610736259801e-06
13883919.191812875	4.312610736259801e-06
13806913.955994824	4.312610736259801e-06
13730335.819057249	4.312610736259801e-06
13654182.412155354	4.312610736259801e-06
13578451.379582772	4.410425794686034e-06
13503140.378698722	4.410425794686034e-06
13428247.079855619	4.510459413107604e-06
13353769.166326946	4.510459413107604e-06
13279704.334235528	4.664780026090459e-06
13206050.292482333	4.664780026090459e-06
13132804.762675641	4.664780026090459e-06
13059965.479060521	4.664780026090459e-06
12987530.18844868	4.664780026090459e-06
12915496.650148828	4.7705826961439325e-06
12843862.635897404	4.7705826961439325e-06
12772625.929789608	4.878785094572137e-06
12701784.328210797	4.878785094572137e-06
12631335.639768368	4.878785094572137e-06
12561277.68522403	4.878785094572137e-06
12491608.297426332	4.989441650022928e-06
12422325.321243577	4.989441650022928e-06
12353426.613497209	4.989441650022928e-06
12284910.042895593	5.160150135202087e-06
12216773.489967931	5.160150135202087e-06
12149014.846998774	5.277188379048011e-06
12081632.017962877	5.277188379048011e-06
12014622.918460311	5.277188379048011e-06
11947985.475651927	5.277188379048011e-06
11881717.628195299	5.396881187230958e-06
11815817.326180996	5.396881187230958e-06
11750282.531069126	5.396881187230958e-06
11685111.215626227	5.519288768376635e-06
11620301.36386261	5.519288768376635e-06
11555850.970970038	5.519288768376635e-06
11491758.043259671	5.519288768376635e-06
11428020.598100333	5.708125414038497e-06
11364636.663857242	5.708125414038497e-06
11301604.279831063	5.708125414038497e-06
11238921.496197207	5.708125414038497e-06
11176586.37394547	5.708125414038497e-06
11114596.984820101	5.837592378488603e-06
11052951.411260199	5.837592378488603e-06
10991647.746340344	5.969995805203996e-06
10930684.093711577	5.969995805203996e-06
10870058.567542769	5.969995805203996e-06
10809769.292462341	5.969995805203996e-06
10749814.403500201	6.1054022965853395e-06
10690192.046030011	6.1054022965853395e-06
10630900.375711864	6.243879965653632e-06
10571937.558435267	6.243879965653632e-06
10513301.770262375	6.243879965653632e-06
10454991.19737151	6.243879965653632e-06
10397004.036001112	6.243879965653632e-06
10339338.492393972	6.457507735120048e-06
10281992.782741712	6.457507735120048e-06
10224965.133129556	6.603971567593465e-06
10168253.779481497	6.603971567593465e-06
10111856.967505777	6.603971567593465e-06
10055772.952640576	6.603971567593465e-06
10000000.0	6.603971567593465e-06
9944536.38432046	6.753757371189925e-06
9889380.389907345	6.753757371189925e-06
9834530.310581926	6.753757371189925e-06
9779984.449628435	6.753757371189925e-06
9725741.11974183	6.90694049210208e-06
9671798.642975444	6.90694049210208e-06
9618155.350689074	7.143254178348701e-06
9564809.583497401	7.143254178348701e-06
9511759.691218695	7.143254178348701e-06
9459004.032823725	7.143254178348701e-06
9406540.976384968	7.143254178348701e-06
9354368.899026163	7.305271542664464e-06
9302486.18687214	7.305271542664464e-06
9250891.234998869	7.305271542664464e-06
9199582.447383767	7.305271542664464e-06
9148558.236856375	7.470963650407288e-06
9097817.025049286	7.470963650407288e-06
9047357.242349293	7.470963650407288e-06
8997177.327848796	7.64041384905858e-06
8947275.729297549	7.64041384905858e-06
8897650.903054684	7.64041384905858e-06
8848301.31404093	7.64041384905858e-06
8799225.435691074	7.901822552837823e-06
8750421.749906795	7.901822552837823e-06
8701888.747009723	7.901822552837823e-06
8653624.925694715	7.901822552837823e-06
8605628.79298337	8.08104513561836e-06
8557898.86417789	8.08104513561836e-06
8510433.662815176	8.08104513561836e-06
8463231.720621133	8.08104513561836e-06
8416291.577465208	8.08104513561836e-06
8369611.7813152615	8.26433269631554e-06
8323190.88819268	8.26433269631554e-06
8277027.46212768	8.26433269631554e-06
8231120.075114852	8.26433269631554e-06
8185467.30706902	8.451777433385664e-06
8140067.745781349	8.451777433385664e-06
8094919.9868756225	8.451777433385664e-06
8050022.63376477	8.451777433385664e-06
8005374.297607698	8.451777433385664e-06
7960973.597266359	8.740946086699415e-06
7916819.159263001	8.740946086699415e-06
7872909.61773764	8.740946086699415e-06
7829243.614405844	8.740946086699415e-06
7785819.79851677	8.93920097323076e-06
7742636.826811277	8.93920097323076e-06
7699693.363480426	8.93920097323076e-06
7656988.080124188	8.93920097323076e-06
7614519.655710322	8.93920097323076e-06
7572286.776533475	8.93920097323076e-06
7530288.136174584	8.93920097323076e-06
7488522.4354604855	9.141952512600813e-06
7446988.382423702	9.141952512600813e-06
7405684.692262442	9.141952512600813e-06
7364610.087300893	9.141952512600813e-06
7323763.296949721	9.141952512600813e-06
7283143.057666742	9.34930269415822e-06
7242748.112917803	9.34930269415822e-06
7202577.213137945	9.34930269415822e-06
7162629.115692776	9.34930269415822e-06
7122902.584840003	9.34930269415822e-06
7083396.391691182	9.34930269415822e-06
7044109.314173722	9.669179227917032e-06
7005040.136993122	9.669179227917032e-06
6966187.651595343	9.669179227917032e-06
6927550.656129393	9.669179227917032e-06
6889127.9554101825	9.669179227917032e-06
6850918.360881578	9.888487528376526e-06
6812920.690579608	9.888487528376526e-06
6775133.7690958725	9.888487528376526e-06
6737556.427541212	9.888487528376526e-06
6700187.503509576	9.888487528376526e-06
6663025.841042039	9.888487528376526e-06
6626070.290591013	1.01127699977408e-05
6589319.708984718	1.01127699977408e-05
6552772.959391843	1.01127699977408e-05
6516428.911286358	1.01127699977408e-05
6480286.440412508	1.01127699977408e-05
6444344.428750071	1.01127699977408e-05
6408601.764479793	1.01127699977408e-05
6373057.341948973	1.01127699977408e-05
6337710.061637234	1.01127699977408e-05
6302558.830122533	1.0342139455981763e-05
6267602.560047373	1.0342139455981763e-05
6232840.170085142	1.0342139455981763e-05
6198270.584906582	1.0342139455981763e-05
6163892.735146676	1.0342139455981763e-05
6129705.557371481	1.0342139455981763e-05
6095707.994045215	1.0342139455981763e-05
6061898.993497572	1.0695984852697473e-05
6028277.5098912185	1.0695984852697473e-05
5994842.503189409	1.0695984852697473e-05
5961592.939123794	1.0695984852697473e-05
5928527.789162452	1.0695984852697473e-05
5895646.030478095	1.0695984852697473e-05
5862946.645916402	1.0695984852697473e-05
5830428.623964539	1.0695984852697473e-05
5798090.958719883	1.0695984852697473e-05
5765932.649858938	1.0938582306368928e-05
5733952.702606361	1.0938582306368928e-05
5702150.127704171	1.0938582306368928e-05
5670523.941381169	1.0938582306368928e-05
5639073.165322529	1.0938582306368928e-05
5607796.826639515	1.0938582306368928e-05
5576693.9578393595	1.0938582306368928e-05
5545763.596795358	1.0938582306368928e-05
5515004.786717134	1.0938582306368928e-05
5484416.5761210155	1.0938582306368928e-05
5453998.018800579	1.0938582306368928e-05
5423748.173797406	1.118668215419465e-05
5393666.105371996	1.118668215419465e-05
5363750.882974796	1.118668215419465e-05
5334001.581217396	1.118668215419465e-05
5304417.279843926	1.118668215419465e-05
5274997.063702608	1.118668215419465e-05
5245740.022717429	1.118668215419465e-05
5216645.251859962	1.118668215419465e-05
5187711.851121397	1.118668215419465e-05
5158938.925484718	1.118668215419465e-05
5130325.584896998	1.118668215419465e-05
5101870.944241844	1.1440409196913404e-05
5073574.12331204	1.1440409196913404e-05
5045434.246782336	1.1440409196913404e-05
5017450.444182355	1.1440409196913404e-05
4989621.849869639	1.1440409196913404e-05
4961947.603002898	1.1440409196913404e-05
4934426.847515412	1.1440409196913404e-05
4907058.732088482	1.1440409196913404e-05
4879842.410125134	1.1440409196913404e-05
4852777.039723943	1.1440409196913404e-05
4825861.783652979	1.1440409196913404e-05
4799095.809323878	1.1440409196913404e-05
4772478.288766115	1.1440409196913404e-05
4746008.398601408	1.1440409196913404e-05
4719685.320018228	1.1440409196913404e-05
4693508.238746452	1.1440409196913404e-05
4667476.345032194	1.1440409196913404e-05
4641588.833612773	1.1440409196913404e-05
4615844.903691788	1.1699891065890666e-05
4590243.758914324	1.1699891065890666e-05
4564784.607342342	1.1699891065890666e-05
4539466.66143019	1.1699891065890666e-05
4514289.138000235	1.1699891065890666e-05
4489251.258218608	1.1699891065890666e-05
4464352.247571135	1.1699891065890666e-05
4439591.335839397	1.1699891065890666e-05
4414967.757076886	1.1699891065890666e-05
4390480.749585288	1.1699891065890666e-05
4366129.555890946	1.1699891065890666e-05
4341913.422721445	1.1699891065890666e-05
4317831.600982287	1.1699891065890666e-05
4293883.345733711	1.1699891065890666e-05
4270067.916167656	1.1699891065890666e-05
4246384.57558487	1.1699891065890666e-05
4222832.5913721025	1.1699891065890666e-05
4199411.234979421	1.1699891065890666e-05
4176119.781897697	1.1699891065890666e-05
4152957.5116362073	1.1699891065890666e-05
4129923.707700331	1.1699891065890666e-05
4107017.6575693684	1.1699891065890666e-05
4084238.6526745176	1.1699891065890666e-05
4061585.9883769713	1.1699891065890666e-05
4039058.9639461054	1.1699891065890666e-05
4016656.8825377827	1.1699891065890666e-05
3994379.0511728176	1.1699891065890666e-05
3972224.780715552	1.1699891065890666e-05
3950193.385852533	1.1699891065890666e-05
3928284.1850712546	1.1699891065890666e-05
3906496.500639174	1.1699891065890666e-05
3884829.65858269	1.1699891065890666e-05
3863282.988666287	1.1699891065890666e-05
3841855.8243718185	1.1699891065890666e-05
3820547.5028779022	1.1699891065890666e-05
3799357.3650394054	1.1699891065890666e-05
3778284.755367036	1.2100190502323635e-05
3757329.0220070817	1.2100190502323635e-05
3736489.5167212635	1.2100190502323635e-05
3715765.5948666655	1.2100190502323635e-05
3695156.615375779	1.2100190502323635e-05
3674661.9407366877	1.2100190502323635e-05
3654280.9369733627	1.2100190502323635e-05
3634012.9736260343	1.2100190502323635e-05
3613857.4237316763	1.2100190502323635e-05
3593813.6638046256	1.2100190502323635e-05
3573881.073817312	1.2100190502323635e-05
3554059.0371810608	1.2100190502323635e-05
3534346.9407270076	1.2100190502323635e-05
3514744.1746871434	1.2100190502323635e-05
3495250.1326754685	1.2100190502323635e-05
3475864.2116692183	1.2100190502323635e-05
3456585.811990197	1.2100190502323635e-05
3437414.3372862395	1.2100190502323635e-05
3418349.194512781	1.2100190502323635e-05
3399389.793914496	1.2100190502323635e-05
3380535.5490070404	1.2100190502323635e-05
3361785.8765589255	1.2100190502323635e-05
3343140.196573489	1.2100190502323635e-05
3324597.932270938	1.2100190502323635e-05
3306158.510070498	1.2100190502323635e-05
3287821.3595726793	1.2100190502323635e-05
3269585.913541647	1.2100190502323635e-05
3251451.607887663	1.2100190502323635e-05
3233417.881649619	1.2100190502323635e-05
3215484.1769777024	1.2100190502323635e-05
3197649.939116149	1.2100190502323635e-05
3179914.616386072	1.2100190502323635e-05
3162277.6601683795	1.2100190502323635e-05
3144738.524886822	1.2100190502323635e-05
3127296.667991132	1.2100190502323635e-05
3109951.549940202	1.2100190502323635e-05
3092702.6341854143	1.2100190502323635e-05
3075549.3871540586	1.2100190502323635e-05
3058491.278232809	1.2100190502323635e-05
3041527.7797513027	1.2100190502323635e-05
3024658.3669658257	1.2100190502323635e-05
3007882.5180430957	1.2100190502323635e-05
2991199.714044107	1.2100190502323635e-05
2974609.4389080643	1.2100190502323635e-05
2958111.1794364313	1.2100190502323635e-05
2941704.42527707	1.2100190502323635e-05
2925388.668908439	1.2100190502323635e-05
2909163.4056238835	1.2100190502323635e-05
2893028.1335160327	1.2100190502323635e-05
2876982.35346129	1.2100190502323635e-05
2861025.5691043762	1.2100190502323635e-05
2845157.286842968	1.2100190502323635e-05
2829377.015812438	1.2100190502323635e-05
2813684.2678706837	1.2100190502323635e-05
2798078.5575830145	1.2100190502323635e-05
2782559.402207126	1.2100190502323635e-05
2767126.321678175	1.2100190502323635e-05
2751778.838593946	1.2100190502323635e-05
2736516.478200065	1.2100190502323635e-05
2721338.7683753087	1.2100190502323635e-05
2706245.2396170087	1.2100190502323635e-05
2691235.425026539	1.2100190502323635e-05
2676308.860294861	1.2100190502323635e-05
2661465.083688152	1.2100190502323635e-05
2646703.6360335327	1.2100190502323635e-05
2632024.060704872	1.2100190502323635e-05
2617425.9036086537	1.2100190502323635e-05
2602908.713169917	1.2100190502323635e-05
2588472.0403182986	1.2100190502323635e-05
2574115.438474154	1.2100190502323635e-05
2559838.463534729	1.2100190502323635e-05
2545640.673860415	1.2100190502323635e-05
2531521.6302610952	1.2100190502323635e-05
2517480.895982571	1.2100190502323635e-05
2503518.036693045	1.2100190502323635e-05
2489632.620469651	1.2100190502323635e-05
2475824.2177851535	1.2100190502323635e-05
2462092.4014946255	1.2100190502323635e-05
2448436.746822229	1.2100190502323635e-05
2434856.831348088	1.2100190502323635e-05
2421352.234995229	1.2100190502323635e-05
2407922.540016577	1.2100190502323635e-05
2394567.330982024	1.2100190502323635e-05
2381286.194765587	1.2100190502323635e-05
2368078.72053264	1.2100190502323635e-05
2354944.499727193	1.2100190502323635e-05
2341883.126059246	1.2100190502323635e-05
2328894.1954922313	1.2100190502323635e-05
2315977.3062305218	1.2100190502323635e-05
2303132.058706996	1.2100190502323635e-05
2290358.0555706657	1.2100190502323635e-05
2277654.9016743945	1.2100190502323635e-05
2265022.204062686	1.2100190502323635e-05
2252459.5719595146	1.2100190502323635e-05
2239966.616756233	1.2100190502323635e-05
2227542.9519995563	1.2100190502323635e-05
2215188.193379619	1.2100190502323635e-05
2202901.9587180777	1.2100190502323635e-05
2190683.867956278	1.2100190502323635e-05
2178533.5431435085	1.2100190502323635e-05
2166450.6084253187	1.2100190502323635e-05
2154434.6900318824	1.2100190502323635e-05
2142485.416266427	1.2100190502323635e-05
2130602.417493745	1.2100190502323635e-05
2118785.326128768	1.2100190502323635e-05
2107033.7766251867	1.2100190502323635e-05
2095347.4054641363	1.2100190502323635e-05
2083725.8511429578	1.2100190502323635e-05
2072168.7541640305	1.2100190502323635e-05
2060675.7570236202	1.2100190502323635e-05
2049246.504200854	1.2100190502323635e-05
2037880.6421466905	1.2100190502323635e-05
2026577.8192730148	1.2100190502323635e-05
2015337.685941731	1.2100190502323635e-05
2004159.8944539786	1.2100190502323635e-05
1993044.0990393443	1.2100190502323635e-05
1981989.9558451993	1.2100190502323635e-05
1970997.1229260287	1.2100190502323635e-05
1960065.260232888	1.2100190502323635e-05
1949194.0296028506	1.2100190502323635e-05
1938383.09474858	1.2100190502323635e-05
1927632.1212478946	1.2100190502323635e-05
1916940.7765334556	1.2100190502323635e-05
1906308.7298824466	1.2100190502323635e-05
1895735.6524063754	1.2100190502323635e-05
1885221.2170408724	1.2100190502323635e-05
1874765.0985355855	1.2100190502323635e-05
1864366.9734441263	1.2100190502323635e-05
1854026.5201140568	1.2100190502323635e-05
1843743.4186769326	1.2100190502323635e-05
1833517.3510384148	1.2100190502323635e-05
1823348.0008684385	1.2100190502323635e-05
1813235.05359142	1.2100190502323635e-05
1803178.1963765172	1.2100190502323635e-05
1793177.1181279619	1.2100190502323635e-05
1783231.5094754426	1.2100190502323635e-05
1773341.062764527	1.2100190502323635e-05
1763505.4720471387	1.2100190502323635e-05
1753724.4330721	1.2100190502323635e-05
1743997.643275727	1.2100190502323635e-05
1734324.8017724638	1.2100190502323635e-05
1724705.6093455672	1.2100190502323635e-05
1715139.7684378582	1.2100190502323635e-05
1705626.983142525	1.2100190502323635e-05
1696166.9591939615	1.2100190502323635e-05
1686759.4039586582	1.2100190502323635e-05
1677404.026426157	1.2100190502323635e-05
1668100.537200059	1.2100190502323635e-05
1658848.6484890494	1.2100190502323635e-05
1649648.0740980208	1.2100190502323635e-05
1640498.5294191942	1.2100190502323635e-05
1631399.731423342	1.2100190502323635e-05
1622351.398651005	1.2100190502323635e-05
1613353.251203814	1.2100190502323635e-05
1604405.0107358035	1.2100190502323635e-05
1595506.400444829	1.2100190502323635e-05
1586657.1450639772	1.2100190502323635e-05
1577856.970853078	1.2100190502323635e-05
1569105.6055902103	1.2100190502323635e-05
1560402.7785633067	1.2100190502323635e-05
1551748.2205617547	1.2100190502323635e-05
1543141.6638680932	1.2100190502323635e-05
1534582.8422497066	1.2100190502323635e-05
1526071.4909506144	1.2100190502323635e-05
1517607.3466832556	1.2100190502323635e-05
1509190.1476203701	1.2100190502323635e-05
1500819.6333868739	1.2100190502323635e-05
1492495.5450518292	1.2100190502323635e-05
1484217.6251204142	1.2100190502323635e-05
1475985.6175259664	1.2100190502323635e-05
1467799.2676220676	1.2100190502323635e-05
1459658.3221746604	1.2100190502323635e-05
1451562.5293542098	1.2100190502323635e-05
1443511.6387279176	1.2100190502323635e-05
1435505.4012519827	1.2100190502323635e-05
1427543.5692638913	1.2100190502323635e-05
1419625.896474749	1.2100190502323635e-05
1411752.1379616694	1.2100190502323635e-05
1403922.050160202	1.2100190502323635e-05
1396135.3908567932	1.2100190502323635e-05
1388391.9191812875	1.2100190502323635e-05
1380691.3955994826	1.2100190502323635e-05
1373033.5819057247	1.2100190502323635e-05
1365418.2412155354	1.2100190502323635e-05
1357845.137958277	1.2100190502323635e-05
1350314.037869872	1.2100190502323635e-05
1342824.7079855646	1.2100190502323635e-05
1335376.9166326947	1.2100190502323635e-05
1327970.433423553	1.2100190502323635e-05
1320605.0292482332	1.2100190502323635e-05
1313280.476267567	1.2100190502323635e-05
1305996.547906052	1.2100190502323635e-05
1298753.018844868	1.2100190502323635e-05
1291549.6650148828	1.2100190502323635e-05
1284386.263589743	1.2100190502323635e-05
1277262.5929789608	1.2100190502323635e-05
1270178.4328210796	1.2100190502323635e-05
1263133.5639768369	1.2100190502323635e-05
1256127.7685224055	1.2100190502323635e-05
1249160.829742633	1.2100190502323635e-05
1242232.5321243575	1.2100190502323635e-05
1235342.661349721	1.2100190502323635e-05
1228491.0042895593	1.2100190502323635e-05
1221677.3489967906	1.2100190502323635e-05
1214901.4846998774	1.2100190502323635e-05
1208163.2017962877	1.2100190502323635e-05
1201462.291846031	1.2100190502323635e-05
1194798.5475651927	1.2100190502323635e-05
1188171.76281953	1.2100190502323635e-05
1181581.7326180995	1.2100190502323635e-05
1175028.2531069126	1.2100190502323635e-05
1168511.1215626227	1.2100190502323635e-05
1162030.1363862609	1.2100190502323635e-05
1155585.0970970038	1.2100190502323635e-05
1149175.804325967	1.2100190502323635e-05
1142802.0598100333	1.2100190502323635e-05
1136463.6663857242	1.2100190502323635e-05
1130160.4279831063	1.2100190502323635e-05
1123892.1496197209	1.2100190502323635e-05
1117658.637394547	1.2100190502323635e-05
1111459.69848201	1.2100190502323635e-05
1105295.1411260199	1.2100190502323635e-05
1099164.7746340344	1.2100190502323635e-05
1093068.4093711576	1.2100190502323635e-05
1087005.856754277	1.2100190502323635e-05
1080976.9292462342	1.2100190502323635e-05
1074981.44035002	1.2100190502323635e-05
1069019.2046030012	1.2100190502323635e-05
1063090.0375711864	1.2100190502323635e-05
1057193.755843529	1.2100190502323635e-05
1051330.1770262374	1.2100190502323635e-05
1045499.1197371511	1.2100190502323635e-05
1039700.4036001113	1.2100190502323635e-05
1033933.8492393994	1.2100190502323635e-05
1028199.2782741713	1.2100190502323635e-05
1022496.5133129555	1.2100190502323635e-05
1016825.3779481496	1.2100190502323635e-05
1011185.6967505798	1.2100190502323635e-05
1005577.2952640576	1.2100190502323635e-05
1000000.0	1.2100190502323635e-05
994453.638432046	1.2100190502323635e-05
988938.0389907366	1.2100190502323635e-05
983453.0310581906	1.2100190502323635e-05
977998.4449628436	1.2100190502323635e-05
972574.1119741829	1.2100190502323635e-05
967179.8642975444	1.2100190502323635e-05
961815.5350689054	1.2100190502323635e-05
956480.9583497401	1.2100190502323635e-05
951175.9691218694	1.2100190502323635e-05
945900.4032823724	1.2100190502323635e-05
940654.0976384969	1.2100190502323635e-05
935436.8899026163	1.2100190502323635e-05
930248.618687214	1.2100190502323635e-05
925089.1234998868	1.2100190502323635e-05
919958.2447383767	1.2100190502323635e-05
914855.8236856374	1.2100190502323635e-05
909781.7025049286	1.2100190502323635e-05
904735.7242349293	1.2100190502323635e-05
899717.7327848795	1.2100190502323635e-05
894727.5729297549	1.2100190502323635e-05
889765.0903054685	1.2100190502323635e-05
884830.131404093	1.2100190502323635e-05
879922.5435691074	1.2100190502323635e-05
875042.1749906795	1.2100190502323635e-05
870188.8747009722	1.2100190502323635e-05
865362.4925694715	1.2100190502323635e-05
860562.879298337	1.2100190502323635e-05
855789.8864177889	1.2100190502323635e-05
851043.3662815194	1.2100190502323635e-05
846323.1720621134	1.2100190502323635e-05
841629.1577465209	1.2100190502323635e-05
836961.1781315261	1.2100190502323635e-05
832319.0888192697	1.2100190502323635e-05
827702.746212768	1.2100190502323635e-05
823112.0075114853	1.2100190502323635e-05
818546.7307069021	1.2100190502323635e-05
814006.7745781366	1.2100190502323635e-05
809491.9986875623	1.2100190502323635e-05
805002.2633764769	1.2100190502323635e-05
800537.4297607697	1.2100190502323635e-05
796097.3597266376	1.2100190502323635e-05
791681.9159263001	1.2100190502323635e-05
787290.9617737639	1.2100190502323635e-05
782924.3614405844	1.2100190502323635e-05
778581.9798516771	1.2100190502323635e-05
774263.6826811262	1.2100190502323635e-05
769969.3363480426	1.2100190502323635e-05
765698.8080124188	1.2100190502323635e-05
761451.9655710321	1.2100190502323635e-05
757228.6776533475	1.2100190502323635e-05
753028.8136174583	1.2100190502323635e-05
748852.2435460485	1.2100190502323635e-05
744698.8382423702	1.2100190502323635e-05
740568.4692262443	1.2100190502323635e-05
736461.0087300893	1.2100190502323635e-05
732376.3296949721	1.2100190502323635e-05
728314.3057666742	1.2100190502323635e-05
724274.8112917803	1.2100190502323635e-05
720257.7213137945	1.2100190502323635e-05
716262.9115692775	1.2100190502323635e-05
712290.2584840003	1.2100190502323635e-05
708339.6391691181	1.2100190502323635e-05
704410.9314173722	1.2100190502323635e-05
700504.0136993122	1.2100190502323635e-05
696618.7651595343	1.2100190502323635e-05
692755.0656129393	1.2100190502323635e-05
688912.7955410182	1.2100190502323635e-05
685091.8360881578	1.2100190502323635e-05
681292.0690579609	1.2100190502323635e-05
677513.3769095873	1.2100190502323635e-05
673755.6427541212	1.2100190502323635e-05
670018.750350959	1.2100190502323635e-05
666302.584104204	1.2100190502323635e-05
662607.0290591014	1.2100190502323635e-05
658931.9708984718	1.2100190502323635e-05
655277.2959391857	1.2100190502323635e-05
651642.8911286357	1.2100190502323635e-05
648028.6440412508	1.2100190502323635e-05
644434.442875007	1.2100190502323635e-05
640860.1764479806	1.2100190502323635e-05
637305.7341948973	1.2100190502323635e-05
633771.0061637234	1.2100190502323635e-05
630255.8830122533	1.2100190502323635e-05
626760.2560047386	1.2100190502323635e-05
623284.017008513	1.2100190502323635e-05
619827.0584906582	1.2100190502323635e-05
616389.2735146676	1.2100190502323635e-05
612970.555737148	1.2100190502323635e-05
609570.7994045202	1.2100190502323635e-05
606189.8993497572	1.2100190502323635e-05
602827.7509891219	1.2100190502323635e-05
599484.2503189408	1.2100190502323635e-05
596159.2939123794	1.2100190502323635e-05
592852.7789162452	1.2100190502323635e-05
589564.6030478094	1.2100190502323635e-05
586294.6645916402	1.2100190502323635e-05
583042.8623964539	1.2100190502323635e-05
579809.0958719883	1.2100190502323635e-05
576593.2649858939	1.2100190502323635e-05
573395.2702606361	1.2100190502323635e-05
570215.0127704171	1.2100190502323635e-05
567052.3941381169	1.2100190502323635e-05
563907.3165322529	1.2100190502323635e-05
560779.6826639515	1.2100190502323635e-05
557669.3957839359	1.2100190502323635e-05
554576.3596795358	1.2100190502323635e-05
551500.4786717134	1.2100190502323635e-05
548441.6576121015	1.2100190502323635e-05
545399.8018800579	1.2100190502323635e-05
542374.8173797406	1.2100190502323635e-05
539366.6105372007	1.2100190502323635e-05
536375.0882974796	1.2100190502323635e-05
533400.1581217396	1.2100190502323635e-05
530441.7279843927	1.2100190502323635e-05
527499.706370262	1.2100190502323635e-05
524574.0022717429	1.2100190502323635e-05
521664.5251859962	1.2100190502323635e-05
518771.1851121396	1.2100190502323635e-05
515893.8925484728	1.2100190502323635e-05
513032.5584896998	1.2100190502323635e-05
510187.09442418447	1.2100190502323635e-05
507357.41233120405	1.2100190502323635e-05
504543.42467823473	1.2100190502323635e-05
501745.0444182355	1.2100190502323635e-05
498962.1849869638	1.2100190502323635e-05
496194.7603002898	1.2100190502323635e-05
493442.6847515411	1.2100190502323635e-05
490705.8732088472	1.2100190502323635e-05
487984.24101251335	1.2100190502323635e-05
485277.70397239435	1.2100190502323635e-05
482586.1783652979	1.2100190502323635e-05
479909.5809323878	1.2100190502323635e-05
477247.8288766115	1.2100190502323635e-05
474600.8398601408	1.2100190502323635e-05
471968.5320018228	1.2100190502323635e-05
469350.8238746452	1.2100190502323635e-05
466747.63450321933	1.2100190502323635e-05
464158.8833612772	1.2100190502323635e-05
461584.49036917876	1.2100190502323635e-05
459024.3758914325	1.2100190502323635e-05
456478.4607342342	1.2100190502323635e-05
453946.66614301904	1.2100190502323635e-05
451428.9138000235	1.2100190502323635e-05
448925.12582186074	1.2100190502323635e-05
446435.2247571135	1.2100190502323635e-05
443959.13358393975	1.2100190502323635e-05
441496.77570768853	1.2100190502323635e-05
439048.07495852874	1.2100190502323635e-05
436612.95558909455	1.2100190502323635e-05
434191.3422721444	1.2100190502323635e-05
431783.1600982287	1.2100190502323635e-05
429388.3345733711	1.2100190502323635e-05
427006.79161676555	1.2100190502323635e-05
424638.4575584879	1.2100190502323635e-05
422283.25913721026	1.2100190502323635e-05
419941.1234979421	1.2100190502323635e-05
417611.9781897697	1.2100190502323635e-05
415295.7511636216	1.2100190502323635e-05
412992.3707700331	1.2100190502323635e-05
410701.76575693686	1.2100190502323635e-05
408423.86526745174	1.2100190502323635e-05
406158.598837698	1.2100190502323635e-05
403905.8963946105	1.2100190502323635e-05
401665.68825377827	1.2100190502323635e-05
399437.90511728177	1.2100190502323635e-05
397222.478071556	1.2100190502323635e-05
395019.3385852525	1.2100190502323635e-05
392828.41850712546	1.2100190502323635e-05
390649.6500639174	1.2100190502323635e-05
388482.965858269	1.2100190502323635e-05
386328.29886662797	1.2100190502323635e-05
384185.58243718185	1.2100190502323635e-05
382054.75028779026	1.2100190502323635e-05
379935.73650394054	1.2100190502323635e-05
377828.4755367036	1.2100190502323635e-05
375732.90220070817	1.2100190502323635e-05
373648.95167212636	1.2100190502323635e-05
371576.5594866666	1.2100190502323635e-05
369515.6615375779	1.2100190502323635e-05
367466.1940736688	1.2100190502323635e-05
365428.09369733627	1.2100190502323635e-05
363401.2973626034	1.2100190502323635e-05
361385.7423731676	1.2100190502323635e-05
359381.36638046254	1.2100190502323635e-05
357388.10738173116	1.2100190502323635e-05
355405.9037181061	1.2100190502323635e-05
353434.69407270075	1.2100190502323635e-05
351474.41746871435	1.2100190502323635e-05
349525.01326754683	1.2100190502323635e-05
347586.42116692185	1.2100190502323635e-05
345658.5811990197	1.2100190502323635e-05
343741.43372862396	1.2100190502323635e-05
341834.9194512788	1.2100190502323635e-05
339938.9793914496	1.2100190502323635e-05
338053.55490070407	1.2100190502323635e-05
336178.58765589254	1.2100190502323635e-05
334314.01965734956	1.2100190502323635e-05
332459.7932270938	1.2100190502323635e-05
330615.85100704985	1.2100190502323635e-05
328782.13595726795	1.2100190502323635e-05
326958.5913541654	1.2100190502323635e-05
325145.1607887663	1.2100190502323635e-05
323341.7881649619	1.2100190502323635e-05
321548.41769777023	1.2100190502323635e-05
319764.9939116156	1.2100190502323635e-05
317991.46163860714	1.2100190502323635e-05
316227.7660168379	1.2100190502323635e-05
314473.8524886822	1.2100190502323635e-05
312729.6667991132	1.2100190502323635e-05
310995.15499401954	1.2100190502323635e-05
309270.26341854146	1.2100190502323635e-05
307554.9387154059	1.2100190502323635e-05
305849.1278232809	1.2100190502323635e-05
304152.77797513024	1.2100190502323635e-05
302465.83669658256	1.2100190502323635e-05
300788.2518043096	1.2100190502323635e-05
299119.9714044107	1.2100190502323635e-05
297460.9438908064	1.2100190502323635e-05
295811.1179436431	1.2100190502323635e-05
294170.442527707	1.2100190502323635e-05
292538.8668908439	1.2100190502323635e-05
290916.34056238836	1.2100190502323635e-05
289302.8133516033	1.2100190502323635e-05
287698.235346129	1.2100190502323635e-05
286102.55691043765	1.2100190502323635e-05
284515.72868429683	1.2100190502323635e-05
282937.7015812438	1.2100190502323635e-05
281368.42678706837	1.2100190502323635e-05
279807.85575830145	1.2100190502323635e-05
278255.94022071257	1.2100190502323635e-05
276712.6321678175	1.2100190502323635e-05
275177.8838593946	1.2100190502323635e-05
273651.6478200065	1.2100190502323635e-05
272133.8768375309	1.2100190502323635e-05
270624.52396170085	1.2100190502323635e-05
269123.5425026544	1.2100190502323635e-05
267630.8860294861	1.2100190502323635e-05
266146.5083688152	1.2100190502323635e-05
264670.36360335327	1.2100190502323635e-05
263202.40607048775	1.2100190502323635e-05
261742.59036086538	1.2100190502323635e-05
260290.8713169917	1.2100190502323635e-05
258847.20403182987	1.2100190502323635e-05
257411.54384741592	1.2100190502323635e-05
255983.8463534729	1.2100190502323635e-05
254564.0673860415	1.2100190502323635e-05
253152.1630261095	1.2100190502323635e-05
251748.0895982576	1.2100190502323635e-05
250351.803669304	1.2100190502323635e-05
248963.26204696513	1.2100190502323635e-05
247582.4217785154	1.2100190502323635e-05
246209.24014946254	1.2100190502323635e-05
244843.67468222242	1.2100190502323635e-05
243485.68313480882	1.2100190502323635e-05
242135.2234995229	1.2100190502323635e-05
240792.25400165768	1.2100190502323635e-05
239456.73309820239	1.2100190502323635e-05
238128.6194765587	1.2100190502323635e-05
236807.87205326397	1.2100190502323635e-05
235494.44997271927	1.2100190502323635e-05
234188.3126059246	1.2100190502323635e-05
232889.41954922312	1.2100190502323635e-05
231597.7306230522	1.2100190502323635e-05
230313.2058706996	1.2100190502323635e-05
229035.80555706655	1.2100190502323635e-05
227765.49016743948	1.2100190502323635e-05
226502.22040626858	1.2100190502323635e-05
225245.9571959515	1.2100190502323635e-05
223996.6616756233	1.2100190502323635e-05
222754.29519995564	1.2100190502323635e-05
221518.81933796237	1.2100190502323635e-05
220290.19587180778	1.2100190502323635e-05
219068.38679562777	1.2100190502323635e-05
217853.3543143508	1.2100190502323635e-05
216645.0608425323	1.2100190502323635e-05
215443.46900318822	1.2100190502323635e-05
214248.5416266427	1.2100190502323635e-05
213060.2417493745	1.2100190502323635e-05
211878.53261287723	1.2100190502323635e-05
210703.37766251867	1.2100190502323635e-05
209534.7405464136	1.2100190502323635e-05
208372.5851142958	1.2100190502323635e-05
207216.87541640305	1.2100190502323635e-05
206067.57570236202	1.2100190502323635e-05
204924.6504200854	1.2100190502323635e-05
203788.06421466905	1.2100190502323635e-05
202657.7819273015	1.2100190502323635e-05
201533.7685941731	1.2100190502323635e-05
200415.98944539786	1.2100190502323635e-05
199304.40990393443	1.2100190502323635e-05
198198.99558451993	1.2100190502323635e-05
197099.71229260287	1.2100190502323635e-05
196006.52602328878	1.2100190502323635e-05
194919.40296028505	1.2100190502323635e-05
193838.309474858	1.2100190502323635e-05
192763.21212478945	1.2100190502323635e-05
191694.07765334556	1.2100190502323635e-05
190630.87298824466	1.2100190502323635e-05
189573.56524063754	1.2100190502323635e-05
188522.12170408687	1.2100190502323635e-05
187476.50985355856	1.2100190502323635e-05
186436.69734441262	1.2100190502323635e-05
185402.65201140568	1.2100190502323635e-05
184374.34186769326	1.2100190502323635e-05
183351.7351038415	1.2100190502323635e-05
182334.80008684387	1.2100190502323635e-05
181323.505359142	1.2100190502323635e-05
180317.8196376517	1.2100190502323635e-05
179317.7118127962	1.2100190502323635e-05
178323.15094754426	1.2100190502323635e-05
177334.1062764527	1.2100190502323635e-05
176350.5472047139	1.2100190502323635e-05
175372.44330721	1.2100190502323635e-05
174399.76432757307	1.2100190502323635e-05
173432.48017724638	1.2100190502323635e-05
172470.5609345567	1.2100190502323635e-05
171513.97684378581	1.2100190502323635e-05
170562.69831425286	1.2100190502323635e-05
169616.69591939615	1.2100190502323635e-05
168675.94039586582	1.2100190502323635e-05
167740.4026426157	1.2100190502323635e-05
166810.0537200059	1.2100190502323635e-05
165884.86484890492	1.2100190502323635e-05
164964.80740980207	1.2100190502323635e-05
164049.8529419194	1.2100190502323635e-05
163139.97314233417	1.2100190502323635e-05
162235.1398651005	1.2100190502323635e-05
161335.3251203814	1.2100190502323635e-05
160440.50107358035	1.2100190502323635e-05
159550.6400444829	1.2100190502323635e-05
158665.71450639772	1.2100190502323635e-05
157785.6970853078	1.2100190502323635e-05
156910.56055902102	1.2100190502323635e-05
156040.27785633068	1.2100190502323635e-05
155174.82205617547	1.2100190502323635e-05
154314.16638680932	1.2100190502323635e-05
153458.28422497067	1.2100190502323635e-05
152607.14909506144	1.2100190502323635e-05
151760.73466832557	1.2100190502323635e-05
150919.01476203703	1.2100190502323635e-05
150081.96333868738	1.2100190502323635e-05
149249.5545051829	1.2100190502323635e-05
148421.7625120414	1.2100190502323635e-05
147598.56175259664	1.2100190502323635e-05
146779.92676220674	1.2100190502323635e-05
145965.83221746606	1.2100190502323635e-05
145156.25293542098	1.2100190502323635e-05
144351.16387279175	1.2100190502323635e-05
143550.54012519828	1.2100190502323635e-05
142754.35692638913	1.2100190502323635e-05
141962.5896474749	1.2100190502323635e-05
141175.21379616694	1.2100190502323635e-05
140392.20501602048	1.2100190502323635e-05
139613.5390856793	1.2100190502323635e-05
138839.19191812875	1.2100190502323635e-05
138069.13955994823	1.2100190502323635e-05
137303.35819057276	1.2100190502323635e-05
136541.82412155354	1.2100190502323635e-05
135784.51379582772	1.2100190502323635e-05
135031.4037869872	1.2100190502323635e-05
134282.47079855646	1.2100190502323635e-05
133537.69166326945	1.2100190502323635e-05
132797.0433423553	1.2100190502323635e-05
132060.50292482332	1.2100190502323635e-05
131328.04762675668	1.2100190502323635e-05
130599.65479060521	1.2100190502323635e-05
129875.3018844868	1.2100190502323635e-05
129154.96650148826	1.2100190502323635e-05
128438.6263589743	1.2100190502323635e-05
127726.25929789607	1.2100190502323635e-05
127017.84328210796	1.2100190502323635e-05
126313.35639768369	1.2100190502323635e-05
125612.77685224055	1.2100190502323635e-05
124916.0829742633	1.2100190502323635e-05
124223.25321243575	1.2100190502323635e-05
123534.26613497209	1.2100190502323635e-05
122849.10042895594	1.2100190502323635e-05
122167.73489967905	1.2100190502323635e-05
121490.14846998773	1.2100190502323635e-05
120816.32017962878	1.2100190502323635e-05
120146.2291846031	1.2100190502323635e-05
119479.85475651904	1.2100190502323635e-05
118817.176281953	1.2100190502323635e-05
118158.17326180996	1.2100190502323635e-05
117502.82531069126	1.2100190502323635e-05
116851.11215626226	1.2100190502323635e-05
116203.01363862609	1.2100190502323635e-05
115558.50970970039	1.2100190502323635e-05
114917.5804325967	1.2100190502323635e-05
114280.20598100332	1.2100190502323635e-05
113646.36663857242	1.2100190502323635e-05
113016.04279831063	1.2100190502323635e-05
112389.21496197207	1.2100190502323635e-05
111765.86373945471	1.2100190502323635e-05
111145.96984820101	1.2100190502323635e-05
110529.5141126022	1.2100190502323635e-05
109916.47746340344	1.2100190502323635e-05
109306.84093711578	1.2100190502323635e-05
108700.58567542769	1.2100190502323635e-05
108097.69292462364	1.2100190502323635e-05
107498.14403500201	1.2100190502323635e-05
106901.92046030011	1.2100190502323635e-05
106309.00375711864	1.2100190502323635e-05
105719.37558435289	1.2100190502323635e-05
105133.01770262375	1.2100190502323635e-05
104549.9119737151	1.2100190502323635e-05
103970.04036001112	1.2100190502323635e-05
103393.38492393994	1.2100190502323635e-05
102819.92782741714	1.2100190502323635e-05
102249.65133129555	1.2100190502323635e-05
101682.53779481497	1.2100190502323635e-05
101118.56967505798	1.2100190502323635e-05



